110028
110012
109996
110012
110032
110018
110005
109990
110004
110005
110025
110037
110044
110035
110036
110034
110023
110034
110026
109995
109998
109981
109958
109978
109934
109932
109910
109897
109902
109938
109933
109928
109924
109940
109948
109980
109978
110006
109984
109987
109994
109997
109999
110010
109977
109980
109969
109949
109969
109933
109930
109929
109903
109920
109941
109933
109924
109907
109915
109904
109938
109934
109942
109936
109915
109912
109908
109913
109928
109925
109921
109900
109876
109888
109857
109856
109844
109817
109828
109860
109858
109853
109837
109831
109840
109877
109870
109886
109863
109851
109861
109866
109851
109867
109842
109837
109836
109801
109829
109805
109798
109762
109734
109750
109754
109759
109771
109729
109755
109752
109760
109771
109790
109765
109768
109762
109766
109733
109760
109729
109715
109701
109657
109647
109646
109627
109607
109590
109577
109604
109628
109617
109574
109605
109598
109632
109626
109636
109633
109650
109657
109666
109648
109676
109661
109646
109641
109608
109603
109599
109567
109554
109541
109530
109563
109574
109585
109546
109559
109557
109587
109610
109643
109667
109672
109665
109672
109653
109662
109642
109552
109470
109411
109430
109493
109512
109515
109503
109484
109529
109529
109537
109511
109514
109507
109520
109535
109555
109567
109548
109530
109564
109539
109526
109536
109493
109486
109461
109473
109502
109473
109453
109433
109405
109404
109347
109310
109268
109273
109311
109321
109356
109382
109387
109411
109410
109428
109417
109413
109392
109350
109353
109336
109310
109318
109288
109269
109282
109258
109296
109294
109295
109277
109261
109261
109260
109258
109268
109216
109187
109179
109203
109221
109213
109241
109210
109220
109222
109182
109219
109182
109171
109180
109161
109214
109211
109214
109209
109195
109213
109229
109268
109299
109294
109286
109259
109273
109263
109219
109145
108930
108759
108746
108790
108902
108978
109016
109064
109046
109085
109102
109129
109125
109099
109084
109087
109110
109139
109132
109141
109129
109134
109162
109137
109157
109142
109134
109143
109111
109115
109118
109037
108920
108724
108690
108772
108853
108934
108940
108970
108998
109025
109063
109056
109061
109064
109051
109061
109016
109058
109050
109051
109057
109032
109027
109047
109018
109009
108973
108977
108992
109016
108998
108879
108752
108694
108703
108797
108834
108911
108929
108927
108956
108940
108953
108979
108943
108937
108920
108905
108932
108905
108901
108880
108882
108896
108898
108934
108902
108876
108900
108875
108908
108876
108794
108640
108482
108513
108570
108630
108724
108736
108779
108778
108784
108809
108797
108804
108769
108761
108771
108751
108806
108801
108789
108795
108777
108803
108820
108821
108858
108814
108828
108825
108791
108657
108318
108074
108010
108059
108195
108324
108442
108488
108527
108572
108596
108650
108669
108653
108647
108614
108638
108659
108667
108720
108702
108724
108738
108742
108751
108749
108740
108761
108745
108738
108652
108416
107953
107639
107590
107612
107771
107989
108100
108213
108277
108366
108484
108523
108571
108559
108537
108535
108527
108547
108560
108584
108612
108613
108645
108624
108655
108666
108632
108639
108633
108652
108677
108586
108260
107742
107484
107400
107419
107607
107790
107965
108098
108196
108303
108378
108436
108466
108433
108408
108361
108364
108415
108404
108434
108465
108483
108547
108582
108593
108592
108591
108609
108628
108658
108663
108671
108651
108580
108300
107818
107511
107400
107403
107543
107708
107869
108014
108095
108180
108261
108306
108344
108343
108349
108326
108291
108324
108338
108389
108440
108472
108517
108496
108518
108533
108506
108543
108510
108524
108540
108512
108508
108508
108456
108269
107785
107450
107318
107346
107440
107560
107702
107805
107929
108049
108147
108266
108273
108280
108309
108270
108297
108289
108306
108332
108329
108360
108364
108403
108407
108380
108395
108397
108418
108453
108407
108416
108415
108411
108445
108438
108461
108469
108446
108370
108020
107715
107570
107561
107630
107706
107820
107916
107990
108071
108101
108158
108181
108192
108224
108212
108199
108198
108191
108247
108266
108313
108365
108343
108377
108363
108382
108396
108404
108401
108374
108378
108371
108348
108390
108361
108355
108365
108334
108375
108373
108345
108194
107846
107641
107576
107626
107740
107829
107918
107962
108028
108092
108128
108200
108199
108207
108216
108171
108172
108169
108158
108193
108187
108203
108228
108287
108309
108265
108278
108284
108311
108339
108326
108359
108337
108340
108358
108339
108353
108368
108346
108326
108177
107911
107732
107649
107654
107698
107798
107894
108011
108062
108085
108111
108163
108166
108218
108191
108226
108207
108195
108208
108210
108219
108254
108249
108273
108247
108263
108269
108272
108276
108238
108243
108238
108221
108282
108269
108256
108264
108236
108274
108270
108232
108067
107819
107738
107743
107799
107899
107984
108069
108087
108111
108148
108140
108185
108155
108136
108132
108094
108120
108158
108155
108175
108152
108178
108208
108221
108249
108262
108250
108263
108250
108251
108234
108263
108269
108246
108249
108231
108232
108230
108122
107908
107704
107662
107720
107815
107887
107934
108002
108034
108097
108132
108150
108171
108159
108130
108134
108107
108114
108136
108134
108155
108141
108146
108178
108168
108172
108150
108139
108161
108164
108215
108182
108171
108180
108166
108203
108195
108172
108055
107735
107613
107563
107573
107668
107740
107834
107907
107942
107992
108001
108053
108043
108012
108020
107972
107993
108039
108039
108063
108060
108083
108137
108170
108196
108201
108192
108208
108211
108214
108202
108221
108212
108201
108199
108186
108144
107974
107643
107480
107386
107429
107520
107609
107675
107733
107791
107864
107923
107986
108007
108018
107985
107938
107939
107912
107949
107984
108012
108040
108047
108058
108072
108084
108085
108069
108064
108071
108065
108113
108108
108089
108094
108055
108008
107745
107508
107396
107327
107385
107478
107555
107635
107681
107739
107793
107837
107876
107871
107891
107860
107825
107820
107815
107857
107922
107913
107950
107943
107966
108002
108012
108038
108043
108043
108055
108044
108052
108027
108066
108069
108039
107971
107661
107393
107257
107205
107237
107299
107369
107458
107524
107593
107634
107696
107754
107763
107825
107791
107781
107802
107775
107825
107852
107870
107950
107939
107961
107963
107962
107969
107975
107972
107990
107961
107965
107965
108008
108029
108016
108000
107870
107555
107315
107191
107204
107232
107307
107393
107465
107509
107550
107625
107701
107735
107751
107722
107709
107692
107654
107700
107698
107738
107802
107850
107891
107872
107895
107932
107953
107980
107991
108011
107998
107995
108019
108010
108028
108053
108025
107986
107820
107452
107232
107105
107104
107155
107208
107314
107384
107461
107510
107565
107653
107672
107711
107720
107706
107710
107680
107725
107762
107796
107837
107865
107870
107925
107912
107930
107900
107942
107939
107901
107919
